 1.000000  0.001260
  0.999615  0.001314
  0.998459  0.001476
  0.996534  0.001745
  0.993844  0.002120
  0.990393  0.002600
  0.986185  0.003182
  0.981228  0.003864
  0.975528  0.004642
  0.969096  0.005515
  0.961940  0.006478
  0.954072  0.007527
  0.945503  0.008658
  0.936248  0.009867
  0.926320  0.011149
  0.915735  0.012500
  0.904508  0.013914
  0.892658  0.015387
  0.880203  0.016914
  0.867161  0.018489
  0.853553  0.020107
  0.839400  0.021763
  0.824724  0.023452
  0.809547  0.025168
  0.793893  0.026905
  0.777785  0.028659
  0.761249  0.030423
  0.744311  0.032193
  0.726995  0.033962
  0.709330  0.035725
  0.691342  0.037476
  0.673059  0.039209
  0.654508  0.040917
  0.635720  0.042596
  0.616723  0.044237
  0.597545  0.045835
  0.578217  0.047383
  0.558769  0.048874
  0.539230  0.050302
  0.519630  0.051660
  0.500000  0.052940
  0.480370  0.054136
  0.460770  0.055241
  0.441231  0.056247
  0.421783  0.057148
  0.402455  0.057938
  0.383277  0.058609
  0.364280  0.059157
  0.345492  0.059575
  0.326941  0.059857
  0.308658  0.060000
  0.290670  0.059998
  0.273005  0.059848
  0.255689  0.059547
  0.238751  0.059092
  0.222215  0.058481
  0.206107  0.057714
  0.190453  0.056790
  0.175276  0.055709
  0.160600  0.054473
  0.146447  0.053083
  0.132839  0.051542
  0.119797  0.049854
  0.107342  0.048021
  0.095492  0.046049
  0.084265  0.043942
  0.073680  0.041705
  0.063752  0.039345
  0.054497  0.036867
  0.045928  0.034276
  0.038060  0.031580
  0.030904  0.028783
  0.024472  0.025893
  0.018772  0.022915
  0.013815  0.019854
  0.009607  0.016715
  0.006156  0.013503
  0.003466  0.010223
  0.001541  0.006877
  0.000385  0.003468
  0.000000  0.000000
  0.000385 -0.003468
  0.001541 -0.006877
  0.003466 -0.010223
  0.006156 -0.013503
  0.009607 -0.016715
  0.013815 -0.019854
  0.018772 -0.022915
  0.024472 -0.025893
  0.030904 -0.028783
  0.038060 -0.031580
  0.045928 -0.034276
  0.054497 -0.036867
  0.063752 -0.039345
  0.073680 -0.041705
  0.084265 -0.043942
  0.095492 -0.046049
  0.107342 -0.048021
  0.119797 -0.049854
  0.132839 -0.051542
  0.146447 -0.053083
  0.160600 -0.054473
  0.175276 -0.055709
  0.190453 -0.056790
  0.206107 -0.057714
  0.222215 -0.058481
  0.238751 -0.059092
  0.255689 -0.059547
  0.273005 -0.059848
  0.290670 -0.059998
  0.308658 -0.060000
  0.326941 -0.059857
  0.345492 -0.059575
  0.364280 -0.059157
  0.383277 -0.058609
  0.402455 -0.057938
  0.421783 -0.057148
  0.441231 -0.056247
  0.460770 -0.055241
  0.480370 -0.054136
  0.500000 -0.052940
  0.519630 -0.051660
  0.539230 -0.050302
  0.558769 -0.048874
  0.578217 -0.047383
  0.597545 -0.045835
  0.616723 -0.044237
  0.635720 -0.042596
  0.654508 -0.040917
  0.673059 -0.039209
  0.691342 -0.037476
  0.709330 -0.035725
  0.726995 -0.033962
  0.744311 -0.032193
  0.761249 -0.030423
  0.777785 -0.028659
  0.793893 -0.026905
  0.809547 -0.025168
  0.824724 -0.023452
  0.839400 -0.021763
  0.853553 -0.020107
  0.867161 -0.018489
  0.880203 -0.016914
  0.892658 -0.015387
  0.904508 -0.013914
  0.915735 -0.012500
  0.926320 -0.011149
  0.936248 -0.009867
  0.945503 -0.008658
  0.954072 -0.007527
  0.961940 -0.006478
  0.969096 -0.005515
  0.975528 -0.004642
  0.981228 -0.003864
  0.986185 -0.003182
  0.990393 -0.002600
  0.993844 -0.002120
  0.996534 -0.001745
  0.998459 -0.001476
  0.999615 -0.001314
  1.000000 -0.001260